5.686629923651448371e-01
5.290594069303664604e-01
4.658519528640374663e-01
4.474030073445423028e-01
4.736500084560018031e-01
4.847554064174221522e-01
4.895255670019371119e-01
3.611339764481225068e-01
3.154475555627075378e-01
2.962865169165312951e-01
2.824387491372738479e-01
2.643827704233725484e-01
2.650633831547168917e-01
2.654428206170394988e-01
2.616315186902836709e-01
2.690753273747823471e-01
2.571096037629143627e-01
2.522320588493704996e-01
2.430826591626988609e-01
2.426131612239877666e-01
2.425684597064483861e-01
2.325774105153348426e-01
2.602114689577101903e-01
2.420336739024006034e-01
2.578573139016255289e-01
2.509298751040290321e-01
2.588373376908204015e-01
2.657378779463999696e-01
2.478387484476309854e-01
2.319005586948174880e-01
2.433688995920643139e-01
2.615894704345852473e-01
2.272280126162718461e-01
2.407384374628248613e-01
2.434556465840716777e-01
2.505240551617868849e-01
2.614895435593089235e-01
2.395482178059171463e-01
2.377605908164456272e-01
2.524968459862555470e-01
2.352327279412864680e-01
2.541752780657026700e-01
2.396479969563002077e-01
2.548457044767419299e-01
2.404320978165695732e-01
2.291696345432094328e-01
2.389899323631720363e-01
2.490432094747625780e-01
2.458922231315639473e-01
2.510412672659960154e-01
