8.248860284258514586e-01
8.482166800750871039e-01
8.656476267095736254e-01
8.704746580852775750e-01
8.680611423974256002e-01
8.691338160364708854e-01
8.669884687583803151e-01
8.999731831590238595e-01
9.045320461249665156e-01
9.042638777152051111e-01
9.058728881737730942e-01
9.088227406811477671e-01
9.096272459104317587e-01
9.112362563689997419e-01
9.080182354518637755e-01
9.042638777152051111e-01
9.080182354518637755e-01
9.112362563689997419e-01
9.131134352373290186e-01
9.176722982032716747e-01
9.182086350227942617e-01
9.152587825154196999e-01
9.109680879592384484e-01
9.093590775006704652e-01
9.093590775006704652e-01
9.104317511397157503e-01
9.061410565835344988e-01
9.026548672566371279e-01
9.206221507106462365e-01
9.195494770716009514e-01
9.176722982032716747e-01
9.136497720568517167e-01
9.163314561544649850e-01
9.139179404666130102e-01
9.115044247787610354e-01
9.168677929739876831e-01
9.088227406811477671e-01
9.136497720568517167e-01
9.139179404666130102e-01
9.112362563689997419e-01
9.128452668275677251e-01
9.090909090909090606e-01
9.139179404666130102e-01
9.090909090909090606e-01
9.144542772861357083e-01
9.192813086618396579e-01
9.101635827299544568e-01
9.101635827299544568e-01
9.077500670421024820e-01
9.106999195494770438e-01
