5.679012345679012030e-01
5.555555555555555802e-01
5.432098765432098464e-01
5.555555555555555802e-01
6.419753086419752730e-01
6.172839506172839164e-01
6.296296296296296502e-01
6.049382716049382935e-01
6.296296296296296502e-01
6.296296296296296502e-01
6.543209876543210068e-01
6.296296296296296502e-01
6.296296296296296502e-01
6.543209876543210068e-01
6.419753086419752730e-01
6.419753086419752730e-01
6.296296296296296502e-01
6.296296296296296502e-01
6.296296296296296502e-01
6.172839506172839164e-01
6.296296296296296502e-01
6.296296296296296502e-01
6.296296296296296502e-01
6.296296296296296502e-01
6.296296296296296502e-01
6.296296296296296502e-01
6.296296296296296502e-01
6.296296296296296502e-01
6.296296296296296502e-01
6.296296296296296502e-01
6.296296296296296502e-01
6.296296296296296502e-01
6.296296296296296502e-01
6.296296296296296502e-01
6.296296296296296502e-01
6.296296296296296502e-01
6.296296296296296502e-01
6.296296296296296502e-01
6.296296296296296502e-01
6.296296296296296502e-01
6.296296296296296502e-01
6.296296296296296502e-01
6.296296296296296502e-01
6.296296296296296502e-01
6.296296296296296502e-01
6.296296296296296502e-01
6.296296296296296502e-01
6.296296296296296502e-01
6.296296296296296502e-01
6.296296296296296502e-01
