1.304389192734235703e+00
1.378099288469479378e+00
1.703347344457367241e+00
2.186379008822970871e+00
1.711271615675937996e+00
1.503991059315057388e+00
1.705338000515360886e+00
1.542871990321595055e+00
1.481347150272793289e+00
1.445810362144752892e+00
1.340172368803141945e+00
1.368023694297413773e+00
1.337135056654612297e+00
1.280220721974784981e+00
1.312242625672140228e+00
1.316663599308626198e+00
1.337589570769557312e+00
1.329297552874058930e+00
1.343729407699019829e+00
1.350821679021105393e+00
1.340106958224449585e+00
1.339084716490757332e+00
1.339869029727982941e+00
1.338056969053951217e+00
1.337943311090822540e+00
1.337102934166237267e+00
1.336479241465344803e+00
1.337721163843884842e+00
1.337879613593772499e+00
1.338117116763267944e+00
1.338338336826842445e+00
1.338220384385850670e+00
1.338459765469586449e+00
1.338286903905279823e+00
1.338036587208877304e+00
1.338041947211748184e+00
1.338046452145517540e+00
1.338049257243121071e+00
1.338043702237400101e+00
1.338037022837886170e+00
1.338026754650068817e+00
1.338040706552105163e+00
1.338041086255768120e+00
1.338041264333842628e+00
1.338040557172563316e+00
1.338040098731900329e+00
1.338039938314461441e+00
1.338039626309901031e+00
1.338039655744293510e+00
1.338039636611938477e+00
