7.954446533852206347e-01
7.054277073924616337e-01
7.315459143351409343e-01
7.231675855561663369e-01
7.032847185338205742e-01
7.272836440656165191e-01
5.628193018582846596e-01
5.655367781694595752e-01
5.621834619494729957e-01
5.515334474461811576e-01
5.581538709823105071e-01
5.766583646101426375e-01
5.454619236272473248e-01
5.324662114858434991e-01
5.299656101512217887e-01
5.257303436469316082e-01
5.304812870801821623e-01
5.503313220931492777e-01
5.315391815006014209e-01
5.623319419787696782e-01
5.268221723870317730e-01
5.441608276307087211e-01
5.287956537078934982e-01
5.472171226050329684e-01
5.491957630443650151e-01
5.180319834727324935e-01
5.282820749775146707e-01
5.422933438758359426e-01
5.500544397208863012e-01
5.359936959144416813e-01
5.350645955908742701e-01
5.508299528929080369e-01
5.376181857743829173e-01
5.479219016232161898e-01
5.281319398603799842e-01
5.291775773344553624e-01
5.404420297150318575e-01
5.467615945309153291e-01
5.351112470226589979e-01
5.488263541554343483e-01
5.489370160845784552e-01
5.475307172666320499e-01
5.579152476151401086e-01
5.239679322194145117e-01
5.451274708564750604e-01
5.382968503657151738e-01
5.472129608933297140e-01
5.330943846932746366e-01
5.522177283966563932e-01
5.405763626322409587e-01
