2.698196512681466430e+00
4.230081169693558074e+00
4.165004085611413664e+00
4.130877288771264588e+00
3.724521089483190384e+00
2.666926245630523162e+00
2.658922436796588684e+00
3.228785848911897460e+00
3.304959832886118942e+00
3.841310974992351746e+00
3.105922557689525298e+00
2.958624694082471862e+00
2.694590162347864304e+00
2.700927130969954071e+00
2.645387511194488006e+00
3.170530879939044144e+00
3.384552664226955887e+00
2.493721517515770980e+00
3.707150435742036620e+00
3.530299934340111800e+00
2.741577778333498916e+00
3.639336256333339570e+00
3.217116042419716049e+00
3.803384454162032302e+00
2.575847213650927170e+00
3.545159230997533051e+00
3.155931297643685074e+00
3.522670522148226624e+00
3.103297857590663789e+00
3.406309045391318069e+00
3.610179509645627061e+00
2.909719858640505752e+00
3.248636101499015716e+00
3.515802901468159103e+00
3.211750369013091522e+00
2.778007371926013214e+00
3.109586562639401475e+00
3.222479761382679886e+00
3.038942728513552627e+00
3.098928313196441131e+00
2.913155337910593445e+00
2.756871825383033325e+00
2.283536860972275040e+00
2.878316043335714447e+00
2.600331023887351822e+00
3.154384334882100571e+00
3.463426793063128617e+00
2.951468832698869171e+00
3.565121571222940933e+00
3.305237781854323487e+00
