6.578171091445427221e-01
7.170823277017966957e-01
7.229820327165460414e-01
7.264682220434433013e-01
7.304907481898632593e-01
7.251273799946366116e-01
7.825154196835613085e-01
7.691069991954947449e-01
7.784928935371413505e-01
7.790292303566639376e-01
7.843925985518905852e-01
7.680343255564494598e-01
7.803700724054706273e-01
7.905604719764012245e-01
7.937784928935371909e-01
8.010190399570930042e-01
7.913649772056852161e-01
7.830517565030838956e-01
7.838562617323678872e-01
7.701796728345401410e-01
7.870742826495038535e-01
7.801019039957093337e-01
7.900241351568785264e-01
7.763475462590506693e-01
7.752748726200053841e-01
8.002145347278090126e-01
7.932421560740144928e-01
7.758112094395279712e-01
7.886832931080718367e-01
7.841244301421292917e-01
7.886832931080718367e-01
7.742021989809599880e-01
7.806382408152319208e-01
7.822472512737999040e-01
7.857334406006972749e-01
7.929739876642531993e-01
7.913649772056852161e-01
7.843925985518905852e-01
7.854652721909358704e-01
7.790292303566639376e-01
7.782247251273799460e-01
7.792973987664253421e-01
7.742021989809599880e-01
7.953875033521051741e-01
7.827835880933226020e-01
7.905604719764012245e-01
7.822472512737999040e-01
7.921694824349692077e-01
7.795655671761866357e-01
7.884151246983105432e-01
