2.592592592592592449e-01
2.345679012345678882e-01
2.345679012345678882e-01
3.086419753086419582e-01
3.086419753086419582e-01
1.234567901234567833e-01
2.839506172839506015e-01
2.345679012345678882e-01
1.358024691358024616e-01
1.111111111111111049e-01
1.851851851851851749e-01
1.975308641975308532e-01
2.592592592592592449e-01
1.975308641975308532e-01
2.345679012345678882e-01
1.481481481481481399e-01
2.345679012345678882e-01
2.716049382716049232e-01
1.234567901234567833e-01
1.234567901234567833e-01
3.209876543209876365e-01
1.358024691358024616e-01
1.728395061728394966e-01
1.481481481481481399e-01
2.592592592592592449e-01
1.111111111111111049e-01
2.716049382716049232e-01
1.481481481481481399e-01
1.728395061728394966e-01
1.728395061728394966e-01
1.358024691358024616e-01
1.728395061728394966e-01
2.469135802469135665e-01
2.098765432098765316e-01
1.481481481481481399e-01
1.975308641975308532e-01
2.222222222222222099e-01
2.098765432098765316e-01
2.345679012345678882e-01
2.222222222222222099e-01
2.098765432098765316e-01
1.975308641975308532e-01
2.592592592592592449e-01
1.851851851851851749e-01
2.839506172839506015e-01
2.716049382716049232e-01
1.851851851851851749e-01
2.345679012345678882e-01
2.098765432098765316e-01
2.716049382716049232e-01
