8.303881730174020870e-01
7.109820302321080421e-01
7.264662744948422457e-01
7.940697236334743891e-01
7.264637717071568135e-01
7.893899655047994512e-01
7.012581682998010324e-01
5.882530282252785847e-01
5.787176218899813263e-01
5.561750914015377578e-01
5.591936073727760137e-01
5.440783536156050815e-01
5.636773195430400119e-01
5.714818107183512463e-01
5.569595734502138518e-01
5.501946665448520513e-01
5.490589496692341864e-01
5.592018123860971190e-01
5.393572828187224166e-01
5.215247795005750753e-01
5.371158553947229519e-01
5.455842690098282599e-01
5.468787710447354788e-01
5.636210572339153124e-01
5.526212163091697160e-01
5.472996212835764540e-01
5.623110993741567976e-01
5.496589046088515840e-01
5.505564378713851958e-01
5.418983459728401453e-01
5.446756146298749046e-01
5.637662470996076536e-01
5.453218449437609028e-01
5.256712678195516464e-01
5.578210641085286081e-01
5.517495947953170443e-01
5.396287033659550314e-01
5.405342774053590871e-01
5.305518039463991142e-01
5.548221649066089611e-01
5.392345915885418117e-01
5.614246195684203800e-01
5.441516135102719698e-01
5.597348623826887692e-01
5.485140786282208802e-01
5.658592455155027068e-01
5.656040528243205801e-01
5.691119589413033975e-01
5.608332727447083998e-01
5.727754432830902687e-01
