6.570126039152587305e-01
7.253955484043980162e-01
7.221775274872620498e-01
7.020648967551622599e-01
7.219093590775006453e-01
7.146688120139447209e-01
7.379994636631804772e-01
7.664253150978814766e-01
7.709841780638241326e-01
7.747385358004826861e-01
7.811745776347546188e-01
7.873424510592652581e-01
7.809064092249933253e-01
7.717886832931081242e-01
7.792973987664253421e-01
7.803700724054706273e-01
7.771520514883346609e-01
7.744703673907213926e-01
7.817109144542773169e-01
7.921694824349692077e-01
7.835880933226065936e-01
7.806382408152319208e-01
7.809064092249933253e-01
7.784928935371413505e-01
7.897559667471172329e-01
7.873424510592652581e-01
7.747385358004826861e-01
7.822472512737999040e-01
7.860016090104585684e-01
7.913649772056852161e-01
7.822472512737999040e-01
7.822472512737999040e-01
7.865379458299812665e-01
7.921694824349692077e-01
7.760793778492893757e-01
7.776883883078573589e-01
7.792973987664253421e-01
7.841244301421292917e-01
7.919013140252078031e-01
7.739340305711986945e-01
7.827835880933226020e-01
7.709841780638241326e-01
7.776883883078573589e-01
7.691069991954947449e-01
7.806382408152319208e-01
7.766157146688119628e-01
7.811745776347546188e-01
7.774202198980959544e-01
7.752748726200053841e-01
7.677661571466881663e-01
