9.980180690317977943e-01
8.630152219607506447e-01
1.814006051899474281e+00
1.017519388669802849e+00
1.789062324865364761e+00
9.749555573051358337e-01
1.835735282780211586e+00
1.156879848904079910e+00
1.122730068218560806e+00
1.053798991956828468e+00
1.093141438048562897e+00
9.604853215040983772e-01
9.366054932276407508e-01
9.132470363452110940e-01
1.014580803152955513e+00
7.987275256050957450e-01
1.032279735730018189e+00
1.038346133114379066e+00
1.126655521216215927e+00
1.090021179046159805e+00
1.059638742311501236e+00
1.137904218685479751e+00
1.043895983401639915e+00
1.214108989562517227e+00
1.033416071055847985e+00
1.158375042456167625e+00
8.801163125921178665e-01
9.047409450566327171e-01
9.807214810524458315e-01
1.079561950247964752e+00
9.848150669792552492e-01
8.929389759346291200e-01
8.733739065535274237e-01
1.327568036538583351e+00
9.750707237808792227e-01
9.342953908590623247e-01
8.887678149305744402e-01
1.027598940295937568e+00
1.249360452463597504e+00
9.818394684497221414e-01
1.039438481684084259e+00
9.509403293515429345e-01
9.519143133987615357e-01
1.033637142475740456e+00
9.235352954746763876e-01
8.875007967890045091e-01
1.080970105565624451e+00
8.954855762881996917e-01
9.809830203468417054e-01
1.002106391353371651e+00
