4.979303454579153687e-01
4.500269600839326145e-01
4.282806816673943584e-01
4.249089568030198216e-01
4.419472567611227865e-01
4.070010389997800182e-01
3.494582249095913862e-01
3.535512856325920272e-01
3.674432426874872371e-01
3.278089981035625100e-01
3.339912420017337458e-01
3.285679686769591434e-01
3.364568116134854514e-01
3.273749163848332921e-01
3.310285544197243968e-01
3.231855390953550788e-01
3.392121168780051765e-01
3.098735957978142053e-01
3.560190375511689265e-01
3.333132813973604391e-01
3.288657936342729848e-01
3.453642946365020894e-01
3.260293571934299584e-01
3.217361624230006267e-01
3.222950330430171539e-01
3.275842553298829452e-01
3.202005157396536905e-01
3.285380837488315331e-01
3.411693532398476503e-01
3.120602426851169509e-01
3.356977669059127423e-01
3.408771748995454987e-01
3.162639751195204241e-01
3.444630270606552913e-01
3.272733259661391170e-01
3.343492217280008560e-01
3.237232312851791027e-01
3.290958821885417440e-01
3.143470381309405037e-01
3.293962806950755939e-01
3.364810876150686192e-01
3.391436479723974329e-01
3.364791833353796835e-01
3.270582780981229898e-01
3.472375154303430356e-01
3.313287688535607178e-01
3.327753353003811143e-01
3.437282670340227053e-01
3.348607567175683197e-01
3.452668918077413385e-01
