4.264135116640829226e-01
4.277825442962718272e-01
4.344055745006406566e-01
4.265170199649204186e-01
4.404813541615415495e-01
4.004213315899041725e-01
3.812334446556672196e-01
3.662729407641932000e-01
3.344738978455999434e-01
3.365967315910136648e-01
3.518008025186763477e-01
3.536968313998720692e-01
3.297613933822302612e-01
3.243803678264756130e-01
3.357421110513287843e-01
3.242109841973060957e-01
3.181738953514948176e-01
3.324243522866797140e-01
3.405194259194977424e-01
3.272410456633625397e-01
3.254118284261012239e-01
3.341227436263876638e-01
3.223137538885104680e-01
3.221443422712119697e-01
3.343040544023204164e-01
3.323242647234189717e-01
3.300838405084085547e-01
3.171702571099359047e-01
3.286016329295771143e-01
3.448056231142209160e-01
3.334039264436252648e-01
3.603707670238389671e-01
3.321344186230938411e-01
3.166551454260957410e-01
3.338119561373628086e-01
3.382795085917212341e-01
3.306032231551579992e-01
3.239425892771073401e-01
3.201535364903148051e-01
3.378630686650234138e-01
3.441339040863894416e-01
3.302496841267754113e-01
3.378870705236023952e-01
3.368622017117728351e-01
3.201232941900638562e-01
3.322776714577115875e-01
3.456552763923814720e-01
3.212555854050075377e-01
3.203772886344785076e-01
3.386381449441099312e-01
