6.172839506172839164e-01
6.666666666666666297e-01
4.691358024691357764e-01
6.666666666666666297e-01
5.679012345679012030e-01
5.925925925925925597e-01
6.172839506172839164e-01
6.172839506172839164e-01
6.543209876543210068e-01
6.296296296296296502e-01
6.296296296296296502e-01
6.543209876543210068e-01
6.419753086419752730e-01
6.419753086419752730e-01
6.419753086419752730e-01
6.419753086419752730e-01
6.419753086419752730e-01
6.419753086419752730e-01
6.419753086419752730e-01
6.419753086419752730e-01
6.419753086419752730e-01
6.419753086419752730e-01
6.419753086419752730e-01
6.419753086419752730e-01
6.419753086419752730e-01
6.419753086419752730e-01
6.419753086419752730e-01
6.419753086419752730e-01
6.419753086419752730e-01
6.419753086419752730e-01
6.419753086419752730e-01
6.419753086419752730e-01
6.419753086419752730e-01
6.419753086419752730e-01
6.419753086419752730e-01
6.419753086419752730e-01
6.419753086419752730e-01
6.419753086419752730e-01
6.419753086419752730e-01
6.419753086419752730e-01
6.419753086419752730e-01
6.419753086419752730e-01
6.419753086419752730e-01
6.419753086419752730e-01
6.419753086419752730e-01
6.419753086419752730e-01
6.419753086419752730e-01
6.419753086419752730e-01
6.419753086419752730e-01
6.419753086419752730e-01
