9.494228436623091127e-01
1.064725366639502235e+00
1.731566844163117569e+00
9.554115210050417861e-01
1.171415602719342308e+00
1.037306525089122688e+00
1.002313034034069572e+00
1.035799125094472695e+00
9.702424443798300935e-01
9.825879379555031434e-01
9.577781786153345411e-01
9.397756170343469773e-01
9.457172493875762864e-01
9.427413601934173659e-01
9.468631714950372924e-01
9.470672313077950211e-01
9.458243324432844545e-01
9.594754186677344476e-01
9.583775128847287217e-01
9.564199918582115822e-01
9.548638970763595468e-01
9.558290066542448615e-01
9.554775555928548547e-01
9.560513967349205666e-01
9.561765385262760431e-01
9.563219105755841332e-01
9.563178030061133539e-01
9.564640625023547171e-01
9.564596134939311600e-01
9.564762645297579802e-01
9.564879588138910371e-01
9.564861397684356614e-01
9.564821381627777175e-01
9.564704438786447716e-01
9.564612147248821028e-01
9.564575324823827440e-01
9.564574162165323523e-01
9.564573794235418092e-01
9.564575148217472345e-01
9.564580740752043342e-01
9.564584096272786828e-01
9.564587981612594492e-01
9.564587922743809090e-01
9.564588128784556886e-01
9.564587996329789732e-01
9.564588320108107222e-01
9.564587952178201791e-01
9.564587981612594492e-01
9.564587908026612739e-01
9.564587996329789732e-01
