8.452668275677125420e-01
8.463395012067578271e-01
8.463395012067578271e-01
8.514347009922230702e-01
8.466076696165191207e-01
8.592115848753016927e-01
8.661839635290963235e-01
8.672566371681416086e-01
8.798605524269240696e-01
8.747653526414588265e-01
8.691338160364708854e-01
8.723518369536068517e-01
8.809332260659694658e-01
8.795923840171627761e-01
8.806650576562080612e-01
8.830785733440600360e-01
8.841512469831054322e-01
8.763743631000268097e-01
8.659157951193349190e-01
8.731563421828908433e-01
8.795923840171627761e-01
8.771788683293108013e-01
8.769106999195495078e-01
8.728881737731295498e-01
8.787878787878787845e-01
8.812013944757307593e-01
8.744971842316975330e-01
8.892464467685706753e-01
8.771788683293108013e-01
8.779833735585947929e-01
8.793242156074014826e-01
8.720836685438455582e-01
8.742290158219361285e-01
8.849557522123894238e-01
8.769106999195495078e-01
8.817377312952534574e-01
8.798605524269240696e-01
8.803968892464467677e-01
8.844194153928667257e-01
8.734245105926521369e-01
8.739608474121748349e-01
8.779833735585947929e-01
8.744971842316975330e-01
8.744971842316975330e-01
8.728881737731295498e-01
8.712791633145615666e-01
8.744971842316975330e-01
8.854920890319120108e-01
8.822740681147760444e-01
8.731563421828908433e-01
