9.886042527210565645e-01
1.129199468059304268e+00
9.465039880187423593e-01
1.047139198691756645e+00
1.360002863554306884e+00
1.374871607179994903e+00
9.601026170047712860e-01
9.519348850956669272e-01
9.769827907468066064e-01
9.711117921052155877e-01
9.498695208702558901e-01
9.513204892476400110e-01
9.653908764874493675e-01
9.638826273105762787e-01
9.614860305079707681e-01
9.569457784111117249e-01
9.677366945478651505e-01
9.696055062023209992e-01
9.695372537330344542e-01
9.698578958158139418e-01
9.693047051076535414e-01
9.689197098767315941e-01
9.694337579939100724e-01
9.690062926139360044e-01
9.691396716200275652e-01
9.691334403591391755e-01
9.690349558253347206e-01
9.689253215436581801e-01
9.689390276685173609e-01
9.689137847335250742e-01
9.689005466155063973e-01
9.689098522986894224e-01
9.689267211490206755e-01
9.689333571328057060e-01
9.689391115565358925e-01
9.689369451852491988e-01
9.689366596716421087e-01
9.689367656354550551e-01
9.689370496773425101e-01
9.689369348832118645e-01
9.689371335653611528e-01
9.689368039001653443e-01
9.689367825602307471e-01
9.689367832960905647e-01
9.689368053718849794e-01
9.689367965415671691e-01
9.689367980132868041e-01
9.689367840319503822e-01
9.689367840319503822e-01
9.689367935981278990e-01
