8.028962188254223920e-01
8.331992491284526681e-01
8.474121748458031123e-01
8.479485116653258103e-01
8.503620273531777851e-01
8.538482166800750450e-01
8.680611423974256002e-01
8.747653526414588265e-01
8.691338160364708854e-01
8.731563421828908433e-01
8.782515419683560864e-01
8.787878787878787845e-01
8.785197103781174910e-01
8.814695628854920528e-01
8.817377312952534574e-01
8.712791633145615666e-01
8.739608474121748349e-01
8.849557522123894238e-01
8.661839635290963235e-01
8.812013944757307593e-01
8.787878787878787845e-01
8.750335210512201201e-01
8.828104049342987425e-01
8.830785733440600360e-01
8.844194153928667257e-01
8.814695628854920528e-01
8.828104049342987425e-01
8.793242156074014826e-01
8.803968892464467677e-01
8.833467417538214406e-01
8.739608474121748349e-01
8.766425315097881033e-01
8.793242156074014826e-01
8.753016894609815246e-01
8.809332260659694658e-01
8.763743631000268097e-01
8.790560471976400780e-01
8.755698578707428181e-01
8.838830785733440276e-01
8.817377312952534574e-01
8.795923840171627761e-01
8.739608474121748349e-01
8.736926790024135414e-01
8.836149101635827341e-01
8.755698578707428181e-01
8.801287208366854742e-01
8.809332260659694658e-01
8.726200053633681453e-01
8.742290158219361285e-01
8.723518369536068517e-01
