6.790123456790123635e-01
6.172839506172839164e-01
6.543209876543210068e-01
6.049382716049382935e-01
4.938271604938271331e-01
4.938271604938271331e-01
6.666666666666666297e-01
6.419753086419752730e-01
6.296296296296296502e-01
6.296296296296296502e-01
6.543209876543210068e-01
6.172839506172839164e-01
6.172839506172839164e-01
6.172839506172839164e-01
6.172839506172839164e-01
6.172839506172839164e-01
6.172839506172839164e-01
6.172839506172839164e-01
6.172839506172839164e-01
6.172839506172839164e-01
6.172839506172839164e-01
6.172839506172839164e-01
6.172839506172839164e-01
6.172839506172839164e-01
6.172839506172839164e-01
6.172839506172839164e-01
6.172839506172839164e-01
6.172839506172839164e-01
6.172839506172839164e-01
6.172839506172839164e-01
6.172839506172839164e-01
6.172839506172839164e-01
6.172839506172839164e-01
6.172839506172839164e-01
6.172839506172839164e-01
6.172839506172839164e-01
6.172839506172839164e-01
6.172839506172839164e-01
6.172839506172839164e-01
6.172839506172839164e-01
6.172839506172839164e-01
6.172839506172839164e-01
6.172839506172839164e-01
6.172839506172839164e-01
6.172839506172839164e-01
6.172839506172839164e-01
6.172839506172839164e-01
6.172839506172839164e-01
6.172839506172839164e-01
6.172839506172839164e-01
